   23.399999999999999        74.119998884201038        296.54999389648435     
   12.400000000000000        54.319999408721927        285.54999389648435     
   3.5000000000000000        38.299999833106995        276.64999389648438     
   2.6000000000000001        36.679999876022336        275.74999389648440     
   1.8000000000000000        35.239999914169310        274.94999389648439     
  -5.2000000000000002        22.640000247955321        267.94999389648439     
  -8.4299999999999997        16.826000401973722        264.71999389648437     
   2.3999999999999999        36.319999885559085        275.54999389648435     
   34.299999999999997        93.739998364448539        307.44999389648439     
   17.899999999999999        64.219999146461475        291.04999389648435     
