     0.1   0.000
     0.2   0.000
     0.3   0.001
     0.4   0.003
     0.5   0.007
     0.6   0.011
     0.7   0.017
     0.8   0.025
     0.9   0.035
     1.0   0.046
     1.1   0.059
     1.2   0.074
     1.3   0.089
     1.4   0.105
     1.5   0.122
     1.6   0.139
     1.7   0.155
     1.8   0.170
     1.9   0.184
     2.0   0.195
     2.1   0.203
     2.2   0.208
     2.3   0.209
     2.4   0.205
     2.5   0.196
     2.6   0.182
     2.7   0.162
     2.8   0.136
     2.9   0.103
     3.0   0.065
     3.1   0.020
     3.2  -0.030
     3.3  -0.086
     3.4  -0.147
     3.5  -0.213
     3.6  -0.282
     3.7  -0.354
     3.8  -0.429
     3.9  -0.504
     4.0  -0.579
     4.1  -0.652
     4.2  -0.723
     4.3  -0.791
     4.4  -0.853
     4.5  -0.908
     4.6  -0.956
     4.7  -0.996
     4.8  -1.025
     4.9  -1.044
     5.0  -1.051
     5.1  -1.045
     5.2  -1.026
     5.3  -0.994
     5.4  -0.948
     5.5  -0.889
     5.6  -0.815
     5.7  -0.729
     5.8  -0.629
     5.9  -0.518
     6.0  -0.396
     6.1  -0.263
     6.2  -0.123
     6.3   0.025
     6.4   0.179
     6.5   0.336
     6.6   0.495
     6.7   0.654
     6.8   0.811
     6.9   0.964
     7.0   1.111
     7.1   1.250
     7.2   1.379
     7.3   1.496
     7.4   1.600
     7.5   1.689
     7.6   1.762
     7.7   1.817
     7.8   1.854
     7.9   1.872
     8.0   1.869
     8.1   1.847
     8.2   1.804
     8.3   1.742
     8.4   1.660
     8.5   1.559
     8.6   1.441
     8.7   1.307
     8.8   1.157
     8.9   0.994
     9.0   0.820
     9.1   0.636
     9.2   0.445
     9.3   0.249
     9.4   0.050
     9.5  -0.150
     9.6  -0.348
     9.7  -0.542
     9.8  -0.730
     9.9  -0.909
    10.0  -1.078
