  1.00000011E-06
  5.00000078E-06
  1.40000011E-05
  3.00000029E-05
  5.50000041E-05
  9.10000090E-05
  1.40000018E-04
  2.04000025E-04
  2.85000046E-04
  3.85000050E-04
  5.06000069E-04
  6.50000060E-04
  8.19000066E-04
  1.01500005E-03
  1.24000001E-03
  1.49599998E-03
  1.78499997E-03
  2.10899999E-03
  2.46999995E-03
  2.86999997E-03
  3.31100007E-03
  3.79500026E-03
  4.32400033E-03
  4.90000052E-03
  5.52500039E-03
  6.20100042E-03
  6.93000061E-03
  7.71400053E-03
  8.55500065E-03
  9.45500098E-03
  1.04160011E-02
  1.14400014E-02
  1.25290016E-02
  1.36850020E-02
  1.49100022E-02
  1.62060019E-02
  1.75750013E-02
  1.90190021E-02
  2.05400027E-02
  2.21400037E-02
  2.38210037E-02
  2.55850032E-02
  2.74340026E-02
  2.93700024E-02
  3.13950032E-02
  3.35110053E-02
  3.57200056E-02
  3.80240045E-02
  4.04250063E-02
  4.29250076E-02
  4.55260091E-02
  4.82300073E-02
  5.10390066E-02
  5.39550073E-02
  5.69800064E-02
  6.01160079E-02
  6.33650050E-02
  6.67290017E-02
  7.02100024E-02
  7.38100037E-02
  7.75310025E-02
  8.13750029E-02
  8.53440017E-02
  8.94400030E-02
  9.36650038E-02
  9.80210006E-02
  0.10251000    
  0.10713400    
  0.11189500    
  0.11679500    
  0.12183601    
  0.12702000    
  0.13234900    
  0.13782500    
  0.14344999    
  0.14922599    
  0.15515500    
  0.16123900    
  0.16747999    
  0.17388000    
  0.18044099    
  0.18716499    
  0.19405399    
  0.20110999    
  0.20833500    
  0.21573099    
  0.22330000    
  0.23104399    
  0.23896499    
  0.24706499    
  0.25534600    
  0.26381001    
  0.27245900    
  0.28129500    
  0.29032001    
  0.29953602    
  0.30894503    
  0.31854904    
  0.32835004    
  0.33835003    
  0.34855103    
  0.35895503    
  0.36956403    
  0.38038003    
  0.39140505    
  0.40264106    
  0.41409007    
  0.42575407    
  0.43763506    
  0.44973508    
  0.46205607    
  0.47460008    
  0.48736909    
  0.50036508    
  0.51359010    
  0.52704608    
  0.54073507    
  0.55465907    
  0.56882006    
  0.58322006    
  0.59786105    
  0.61274505    
  0.62787408    
  0.64325011    
  0.65887511    
  0.67475110    
  0.69088012    
  0.70726413    
  0.72390515    
  0.74080515    
  0.75796616    
  0.77539015    
  0.79307914    
  0.81103516    
  0.82926017    
  0.84775615    
  0.86652517    
  0.88556916    
  0.90489018    
  0.92449015    
  0.94437116    
  0.96453518    
  0.98498416    
   1.0057201    
   1.0267452    
   1.0480613    
   1.0696702    
   1.0915742    
   1.1137753    
   1.1362753    
   1.1590763    
   1.1821803    
   1.2055893    
   1.2293053    
   1.2533302    
   1.2776662    
   1.3023152    
   1.3272792    
   1.3525602    
   1.3781601    
   1.4040811    
   1.4303252    
   1.4568942    
   1.4837902    
   1.5110152    
   1.5385711    
   1.5664601    
   1.5946841    
   1.6232451    
   1.6521451    
   1.6813861    
   1.7109702    
   1.7408992    
   1.7711753    
   1.8018003    
   1.8327763    
   1.8641053    
   1.8957894    
   1.9278303    
   1.9602304    
   1.9929913    
   2.0261154    
   2.0596044    
   2.0934603    
   2.1276853    
   2.1622813    
   2.1972504    
   2.2325945    
   2.2683156    
   2.3044155    
   2.3408964    
   2.3777604    
   2.4150095    
   2.4526455    
   2.4906704    
   2.5290864    
   2.5678954    
   2.6070995    
   2.6467006    
   2.6867006    
   2.7271016    
   2.7679055    
   2.8091145    
   2.8507304    
   2.8927555    
   2.9351916    
   2.9780407    
   3.0213046    
   3.0649855    
   3.1090856    
   3.1536067    
   3.1985507    
   3.2439196    
   3.2897155    
   3.3359406    
   3.3825965    
   3.4296856    
   3.4772096    
   3.5251706    
   3.5735705    
   3.6224115    
   3.6716955    
   3.7214246    
   3.7716005    
   3.8222256    
   3.8733015    
   3.9248304    
   3.9768145    
   4.0292554    
   4.0821552    
   4.1355162    
   4.1893401    
   4.2436290    
   4.2983851    
   4.3536100    
   4.4093060    
   4.4654751    
   4.5221190    
   4.5792398    
   4.6368399    
   4.6949210    
   4.7534852    
   4.8125343    
   4.8720703    
   4.9320955    
   4.9926114    
   5.0536203    
   5.1151242    
   5.1771255    
   5.2396255    
   5.3026266    
   5.3661308    
   5.4301400    
   5.4946561    
   5.5596809    
   5.6252170    
   5.6912661    
   5.7578301    
   5.8249111    
   5.8925114    
   5.9606323    
   6.0292764    
   6.0984454    
   6.1681414    
   6.2383666    
   6.3091226    
   6.3804116    
   6.4522357    
   6.5245967    
   6.5974965    
   6.6709375    
   6.7449217    
   6.8194509    
   6.8945270    
   6.9701519    
   7.0463281    
   7.1230569    
   7.2003407    
   7.2781816    
   7.3565817    
   7.4355426    
   7.5150666    
   7.5951557    
   7.6758118    
   7.7570367    
   7.8388329    
   7.9212017    
   8.0041456    
   8.0876665    
   8.1717663    
   8.2564468    
   8.3417110    
   8.4275599    
   8.5139961    
   8.6010208    
   8.6886368    
   8.7768459    
   8.8656502    
   8.9550514    
   9.0450516    
   9.1356525    
   9.2268562    
   9.3186655    
   9.4110813    
   9.5041065    
   9.5977421    
   9.6919909    
   9.7868547    
   9.8823357    
   9.9784355    
   10.075156    
   10.172501    
   10.270470    
   10.369065    
   10.468290    
   10.568147    
   10.668635    
   10.769759    
   10.871520    
   10.973920    
   11.076961    
   11.180645    
   11.284974    
   11.389950    
   11.495575    
   11.601851    
   11.708779    
   11.816363    
   11.924604    
   12.033504    
   12.143065    
   12.253289    
   12.364179    
   12.475735    
   12.587959    
   12.700855    
   12.814425    
   12.928669    
   13.043590    
   13.159189    
   13.275470    
   13.392434    
   13.510083    
   13.628419    
   13.747444    
   13.867160    
   13.987569    
   14.108673    
   14.230474    
   14.352975    
   14.476176    
   14.600080    
   14.724689    
   14.850005    
   14.976030    
   15.102766    
   15.230215    
   15.358379    
   15.487261    
   15.616860    
   15.747181    
   15.878225    
   16.009995    
   16.142490    
   16.275715    
   16.409672    
   16.544361    
   16.679785    
   16.815947    
   16.952847    
   17.090488    
   17.228872    
   17.368002    
   17.507877    
   17.648502    
   17.789879    
   17.932009    
   18.074892    
   18.218533    
   18.362932    
   18.508093    
   18.654016    
   18.800705    
   18.948160    
   19.096386    
   19.245382    
   19.395151    
   19.545694    
   19.697016    
   19.849115    
   20.001997    
   20.155661    
   20.310110    
   20.465345    
   20.621370    
   20.778187    
   20.935797    
   21.094200    
   21.253401    
   21.413401    
   21.574202    
   21.735806    
   21.898214    
   22.061430    
   22.225454    
   22.390291    
   22.555941    
   22.722404    
   22.889685    
   23.057785    
   23.226706    
   23.396450    
   23.567019    
   23.738415    
   23.910641    
   24.083696    
   24.257586    
   24.432310    
   24.607872    
   24.784271    
   24.961512    
   25.139595    
   25.318523    
   25.498299    
   25.678925    
   25.860401    
   26.042730    
   26.225914    
   26.409954    
   26.594854    
   26.780615    
   26.967239    
   27.154728    
   27.343084    
   27.532309    
   27.722404    
   27.913374    
   28.105219    
   28.297939    
   28.491539    
   28.686020    
   28.881384    
   29.077633    
   29.274769    
   29.472794    
   29.671709    
   29.871517    
   30.072222    
   30.273823    
   30.476322    
   30.679724    
   30.884027    
   31.089237    
   31.295353    
   31.502378    
   31.710314    
   31.919163    
   32.128925    
   32.339607    
   32.551208    
   32.763729    
   32.977173    
   33.191544    
   33.406841    
   33.623066    
   33.840221    
   34.058311    
   34.277336    
   34.497295    
   34.718197    
   34.940037    
   35.162819    
   35.386547    
   35.611221    
   35.836845    
   36.063423    
   36.290951    
   36.519436    
   36.748878    
   36.979279    
   37.210640    
   37.442963    
   37.676250    
   37.910507    
   38.145733    
   38.381927    
   38.619095    
   38.857239    
   39.096359    
   39.336460    
   39.577541    
   39.819607    
   40.062656    
   40.306694    
   40.551720    
   40.797737    
   41.044746    
   41.292751    
   41.541752    
   41.791752    
   42.042751    
   42.294754    
   42.547764    
   42.801781    
   43.056805    
   43.312840    
   43.569889    
   43.827953    
   44.087036    
   44.347137    
   44.608257    
   44.870399    
   45.133568    
   45.397762    
   45.662987    
   45.929241    
   46.196529    
   46.464855    
   46.734215    
   47.004616    
   47.276058    
   47.548542    
   47.822071    
   48.096645    
   48.372269    
   48.648945    
   48.926674    
   49.205460    
   49.485302    
   49.766201    
   50.048161    
   50.331184    
   50.615273    
   50.900429    
   51.186653    
   51.473949    
   51.762318    
   52.051762    
   52.342281    
   52.633881    
   52.926563    
   53.220325    
   53.515175    
   53.811111    
   54.108135    
   54.406250    
   54.705460    
   55.005764    
   55.307163    
   55.609665    
   55.913265    
   56.217968    
   56.523777    
   56.830692    
   57.138718    
   57.447853    
   57.758102    
   58.069466    
   58.381947    
   58.695545    
   59.010265    
   59.326111    
   59.643082    
   59.961178    
   60.280403    
   60.600758    
   60.922245    
   61.244869    
   61.568630    
   61.893532    
   62.219574    
   62.546757    
   62.875084    
   63.204559    
   63.535183    
   63.866959    
   64.199890    
   64.533974    
   64.869217    
   65.205620    
   65.543182    
   65.881905    
   66.221794    
   66.562851    
   66.905075    
   67.248474    
   67.593040    
   67.938782    
   68.285706    
   68.633804    
   68.983086    
   69.333549    
   69.685196    
   70.038033    
   70.392059    
   70.747276    
   71.103683    
   71.461288    
   71.820091    
   72.180092    
   72.541290    
   72.903694    
   73.267303    
   73.632118    
   73.998146    
   74.365379    
   74.733826    
   75.103493    
   75.474373    
   75.846474    
   76.219795    
   76.594337    
   76.970108    
   77.347107    
   77.725334    
   78.104790    
   78.485481    
   78.867409    
   79.250572    
   79.634972    
   80.020615    
   80.407501    
   80.795631    
   81.185005    
   81.575630    
   81.967506    
   82.360634    
   82.755020    
   83.150658    
   83.547554    
   83.945717    
   84.345139    
   84.745827    
   85.147781    
   85.551010    
   85.955505    
   86.361275    
   86.768318    
   87.176636    
   87.586235    
   87.997116    
   88.409279    
   88.822731    
   89.237465    
   89.653488    
   90.070801    
   90.489410    
   90.909317    
   91.330521    
   91.753021    
   92.176819    
   92.601921    
   93.028328    
   93.456047    
   93.885071    
   94.315407    
   94.747055    
   95.180016    
   95.614296    
   96.049896    
   96.486816    
   96.925064    
   97.364632    
   97.805527    
   98.247749    
   98.691307    
   99.136200    
   99.582420    
   100.02998    
   100.47888    
   100.92912    
   101.38071    
   101.83363    
   102.28791    
   102.74354    
   103.20052    
   103.65884    
   104.11853    
   104.57957    
   105.04198    
   105.50574    
   105.97086    
   106.43736    
   106.90521    
   107.37444    
   107.84503    
   108.31700    
   108.79034    
   109.26507    
   109.74117    
   110.21864    
   110.69751    
   111.17776    
   111.65939    
   112.14242    
   112.62683    
   113.11264    
   113.59985    
   114.08845    
   114.57845    
   115.06985    
   115.56265    
   116.05686    
   116.55247    
   117.04950    
   117.54794    
   118.04778    
   118.54905    
   119.05173    
   119.55582    
   120.06135    
   120.56829    
   121.07666    
   121.58646    
   122.09768    
   122.61034    
   123.12443    
   123.63995    
   124.15691    
   124.67532    
   125.19516    
   125.71645    
   126.23917    
   126.76335    
   127.28898    
   127.81606    
   128.34459    
   128.87457    
   129.40602    
   129.93892    
   130.47328    
   131.00911    
   131.54640    
   132.08516    
   132.62538    
   133.16708    
   133.71025    
   134.25490    
   134.80103    
   135.34863    
   135.89772    
   136.44829    
   137.00034    
   137.55388    
   138.10890    
   138.66542    
   139.22343    
   139.78294    
   140.34395    
   140.90645    
   141.47044    
   142.03595    
   142.60297    
   143.17148    
   143.74150    
   144.31303    
   144.88608    
   145.46065    
   146.03673    
   146.61433    
   147.19345    
   147.77409    
   148.35626    
   148.93996    
   149.52518    
   150.11194    
   150.70023    
   151.29005    
   151.88141    
   152.47430    
   153.06874    
   153.66472    
   154.26225    
   154.86133    
   155.46196    
   156.06413    
   156.66786    
   157.27315    
   157.87999    
   158.48839    
   159.09834    
   159.70987    
   160.32295    
   160.93761    
   161.55383    
   162.17163    
   162.79100    
   163.41194    
   164.03447    
   164.65857    
   165.28426    
   165.91151    
   166.54036    
   167.17079    
   167.80281    
   168.43643    
   169.07164    
   169.70845    
   170.34685    
   170.98685    
   171.62845    
   172.27165    
   172.91646    
   173.56288    
   174.21091    
   174.86055    
   175.51180    
   176.16466    
   176.81914    
   177.47523    
   178.13295    
   178.79230    
   179.45326    
   180.11586    
   180.78009    
   181.44595    
   182.11345    
   182.78258    
   183.45334    
   184.12573    
   184.79977    
   185.47546    
   186.15279    
   186.83176    
   187.51237    
   188.19466    
   188.87859    
   189.56416    
   190.25140    
   190.94031    
   191.63087    
   192.32310    
   193.01700    
   193.71255    
   194.40977    
   195.10867    
   195.80923    
   196.51147    
   197.21539    
   197.92099    
   198.62827    
   199.33723    
   200.04788    
   200.76022    
   201.47424    
   202.18996    
   202.90736    
   203.62646    
   204.34726    
   205.06976    
   205.79396    
   206.51987    
   207.24748    
   207.97679    
   208.70781    
   209.44055    
   210.17500    
   210.91116    
   211.64905    
   212.38864    
   213.12996    
   213.87300    
   214.61777    
   215.36426    
   216.11249    
   216.86244    
   217.61414    
   218.36755    
   219.12271    
   219.87961    
   220.63824    
   221.39864    
   222.16077    
   222.92464    
   223.69026    
   224.45764    
   225.22678    
   225.99767    
   226.77031    
   227.54471    
   228.32086    
   229.09879    
   229.87848    
   230.65994    
   231.44316    
   232.22816    
   233.01494    
   233.80348    
   234.59380    
   235.38589    
   236.17978    
   236.97545    
   237.77290    
   238.57214    
   239.37317    
   240.17598    
   240.98059    
   241.78699    
   242.59518    
   243.40518    
   244.21698    
   245.03058    
   245.84599    
   246.66321    
   247.48224    
   248.30307    
   249.12572    
   249.95018    
   250.77646    
   251.60455    
   252.43448    
   253.26622    
   254.09979    
   254.93520    
   255.77242    
   256.61148    
   257.45236    
   258.29507    
   259.13965    
   259.98605    
   260.83429    
   261.68439    
   262.53632    
   263.39011    
   264.24573    
   265.10321    
   265.96252    
   266.82370    
   267.68674    
   268.55164    
   269.41840    
   270.28702    
   271.15750    
   272.02985    
   272.90408    
   273.78018    
   274.65814    
   275.53799    
   276.41971    
   277.30331    
   278.18878    
   279.07614    
   279.96539    
   280.85654    
   281.74957    
   282.64450    
   283.54132    
   284.44003    
   285.34064    
   286.24313    
   287.14752    
   288.05383    
   288.96204    
   289.87216    
   290.78418    
   291.69812    
   292.61398    
   293.53174    
   294.45142    
   295.37302    
   296.29654    
   297.22198    
   298.14935    
   299.07864    
   300.00986    
   300.94302    
   301.87811    
   302.81512    
   303.75409    
   304.69498    
   305.63782    
   306.58261    
   307.52933    
   308.47800    
   309.42862    
   310.38120    
   311.33572    
   312.29221    
   313.25064    
   314.21103    
   315.17340    
   316.13773    
   317.10400    
   318.07227    
   319.04248    
   320.01468    
   320.98886    
   321.96500    
   322.94312    
   323.92322    
   324.90530    
   325.88937    
   326.87543    
   327.86346    
   328.85349    
   329.84549    
   330.83951    
   331.83551    
   332.83353    
 Integral=  0.33333355    
   0.0000000      0.50000000    
