sample length       18000       'including extension for running mean
running mean length 18000
input channels      200 
analyzed channels   85
crossproducts        8         	'user-determined xproducts listed below max.60
third moments        9
power spectra       50 
autocorrelations    13 
crosscorrelations    3    'note: c2 not implemented in code
Ch, Name,      c0,      c1,      c2, Lag
 01,   u1,      0.,     1.0,      0.,   0
 02,   v1,      0.,     1.0,      0.,   0
 03,   w1,      0.,     1.0,      0.,   0
 04,   T1,      0.,     1.0,      0.,   0
 05,  ws2,      0.,     1.0,      0.,   0
 06,  wd2,    -90.,     1.0,      0.,   0
 07,   T2,      0.,     1.0,      0.,   0
 08,  ws3,      0.,     1.0,      0.,   0
 09,  wd3,    -90.,     1.0,      0.,   0
 10,   T3,      0.,     1.0,      0.,   0
 11,  ws4,      0.,     1.0,      0.,   0
 12,  wd4,   -270.,     1.0,      0.,   0
 13,   T4,      0.,     1.0,      0.,   0
 14, CO2e,      0.,     1.0,      0.,  39 
 15, H2Oe,      0.,     1.0,      0.,  39
 16,  TLe,      0.,     1.0,      0.,   0
 17,  PLe,      0.,     1.0,      0.,   0
 18,CO2Ve,      0.,     1.0,      0.,   0
 19,H2OVe,      0.,     1.0,      0.,   0
 20, CO2p,      0.,     1.0,      0., 300
 21, H2Op,      0.,     1.0,      0., 300
 22,  TLp,      0.,     1.0,      0.,   0
 23,  PLp,      0.,     1.0,      0.,   0
 24,CO2Vp,      0.,     1.0,      0.,   0
 25,H2OVp,      0.,     1.0,      0.,   0
 26, clck,      0.,     1.0,      0.,   0
 27,23xID,      0.,     1.0,      0.,   0
 28, year,      0.,     1.0,      0.,   0
 29, jday,      0.,     1.0,      0.,   0
 30,hrmin,      0.,     1.0,      0.,   0
 31,  sec,      0.,     1.0,      0.,   0
 32,TLdwC,      0.,     1.0,      0.,   0
 33,TLupC,      0.,     1.0,      0.,   0
 34,  Ldw,      0.,     1.0,      0.,   0
 35,  Lup,      0.,     1.0,      0.,   0
 36,  Sdw,      0.,     1.0,      0.,   0
 37,  Sup,      0.,     1.0,      0.,   0
 38,PARup,      0.,     1.0,      0.,   0
 39,PARdw,      0.,    -1.0,      0.,   0
 40,TltRx,      0.,     1.0,      0.,   0
 41,TltRy,      0.,     1.0,      0.,   0
 42,TltRT,      0.,     1.0,      0.,   0
 43,TltSx,      0.,     1.0,      0.,   0
 44,TltSy,      0.,     1.0,      0.,   0
 45,TltST,      0.,     1.0,      0.,   0
 46, Tfs1,      0.,     1.0,      0.,   0
 47, Tfs2,      0.,     1.0,      0.,   0
 48, Tfs3,      0.,     1.0,      0.,   0
 49,RHfs1,      0.,     1.0,      0.,   0
 50,RHfs2,      0.,     1.0,      0.,   0
 51,RHfs3,      0.,     1.0,      0.,   0
 52,Tpanl,      0.,     1.0,      0.,   0
 53,  TC1,      0.,     1.0,      0.,   0
 54,  TC2,      0.,     1.0,      0.,   0
 55,  TC3,      0.,     1.0,      0.,   0
 56,Press,      0.,     1.0,      0.,   0
 57,Precp,      0.,     1.0,      0.,   0
 58,solps,      0.,     1.0,      0.,   0
 59,CO2an,      0.,     1.0,      0.,   0
 60,H2Oan,      0.,     1.0,      0.,   0
 61,Tsoi1,      0.,     1.0,      0.,   0
 62,Tsoi2,      0.,     1.0,      0.,   0
 63,Tsoi3,      0.,     1.0,      0.,   0
 64,Tsoi4,      0.,     1.0,      0.,   0
 65,Tsoi5,      0.,     1.0,      0.,   0
 66,Gsoi1,      0.,     1.0,      0.,   0
 67,Gsoi2,      0.,     1.0,      0.,   0
 68,Fsoil,      0.,     1.0,      0.,   0
 69,BattV,      0.,     1.0,      0.,   0
 70, Btim,      0.,     1.0,      0.,   0
 71,BKWhr,      0.,     1.0,      0.,   0
 72,BAmps,      0.,     1.0,      0.,   0
 73,BVolt,      0.,     1.0,      0.,   0
 74,BAhrs,      0.,     1.0,      0.,   0
 75,BPkAh,      0.,     1.0,      0.,   0
 76,BPkAm,      0.,     1.0,      0.,   0
 77,BTimr,      0.,     1.0,      0.,   0
 78, BBst,      0.,     1.0,      0.,   0
 79,Btemp,      0.,     1.0,      0.,   0
 80,   u2,      0.,     1.0,      0.,   0 'note: 80 and onward are derived quantities
 81,   v2,      0.,     1.0,      0.,   0
 82,   u3,      0.,     1.0,      0.,   0 
 83,   v3,      0.,     1.0,      0.,   0 'Don't forget to make adjustments in momx 
 84,   u4,      0.,     1.0,      0.,   0 'and uvfrom2D for 2D rotations etc.
 85,   v4,      0.,     1.0,      0.,   0
 86,u1rot,      0.,     1.0,      0.,   0 
 87,v1rot,      0.,     1.0,      0.,   0
 88,u2rot,      0.,     1.0,      0.,   0 
 89,v2rot,      0.,     1.0,      0.,   0
 90,u3rot,      0.,     1.0,      0.,   0
 91,v3rot,      0.,     1.0,      0.,   0
 92,u4rot,      0.,     1.0,      0.,   0
 93,v4rot,      0.,     1.0,      0.,   0
 94,  ws1,      0.,     1.0,      0.,   0
 95,  wd1,     90.,     1.0,      0.,   0
 96, wd2a,      0.,     1.0,      0.,   0
 97, wd3a,      0.,     1.0,      0.,   0
 98, wd4a,      0.,     1.0,      0.,   0
 99, LAG1,      0.,     1.0,      0.,   0
100, LAG2,      0.,     1.0,      0.,   0
101,mxco1,      0.,     1.0,      0.,   0
102,mxco2,      0.,     1.0,      0.,   0
103,     ,      0.,     1.0,      0.,   0
104,     ,      0.,     1.0,      0.,   0
105,     ,      0.,     1.0,      0.,   0
106,     ,      0.,     1.0,      0.,   0
107,     ,      0.,     1.0,      0.,   0
108,     ,      0.,     1.0,      0.,   0
109,     ,      0.,     1.0,      0.,   0
110,     ,      0.,     1.0,      0.,   0
111,     ,      0.,     1.0,      0.,   0
112,     ,      0.,     1.0,      0.,   0
113,     ,      0.,     1.0,      0.,   0
114,     ,      0.,     1.0,      0.,   0
115,     ,      0.,     1.0,      0.,   0
116,     ,      0.,     1.0,      0.,   0
117,     ,      0.,     1.0,      0.,   0
118,     ,      0.,     1.0,      0.,   0
119,     ,      0.,     1.0,      0.,   0
120,     ,      0.,     1.0,      0.,   0
121,     ,      0.,     1.0,      0.,   0
122,     ,      0.,     1.0,      0.,   0
123,     ,      0.,     1.0,      0.,   0
124,     ,      0.,     1.0,      0.,   0
125,     ,      0.,     1.0,      0.,   0
126,     ,      0.,     1.0,      0.,   0
127,     ,      0.,     1.0,      0.,   0
128,     ,      0.,     1.0,      0.,   0
129,     ,      0.,     1.0,      0.,   0
130,     ,      0.,     1.0,      0.,   0
131,     ,      0.,     1.0,      0.,   0
132,     ,      0.,     1.0,      0.,   0
133,     ,      0.,     1.0,      0.,   0
134,     ,      0.,     1.0,      0.,   0
135,     ,      0.,     1.0,      0.,   0
136,     ,      0.,     1.0,      0.,   0
137,     ,      0.,     1.0,      0.,   0
138,     ,      0.,     1.0,      0.,   0
139,     ,      0.,     1.0,      0.,   0
140,     ,      0.,     1.0,      0.,   0
141,     ,      0.,     1.0,      0.,   0
142,     ,      0.,     1.0,      0.,   0
143,     ,      0.,     1.0,      0.,   0
144,     ,      0.,     1.0,      0.,   0
145,     ,      0.,     1.0,      0.,   0
146,     ,      0.,     1.0,      0.,   0
147,     ,      0.,     1.0,      0.,   0
148,     ,      0.,     1.0,      0.,   0
149,     ,      0.,     1.0,      0.,   0
150,     ,      0.,     1.0,      0.,   0
151,     ,      0.,     1.0,      0.,   0
152,     ,      0.,     1.0,      0.,   0
153,     ,      0.,     1.0,      0.,   0
154,     ,      0.,     1.0,      0.,   0
155,     ,      0.,     1.0,      0.,   0
156,     ,      0.,     1.0,      0.,   0
157,     ,      0.,     1.0,      0.,   0
158,     ,      0.,     1.0,      0.,   0
159,     ,      0.,     1.0,      0.,   0
160,     ,      0.,     1.0,      0.,   0
161,     ,      0.,     1.0,      0.,   0
162,     ,      0.,     1.0,      0.,   0
163,     ,      0.,     1.0,      0.,   0
164,     ,      0.,     1.0,      0.,   0
165,     ,      0.,     1.0,      0.,   0
166,     ,      0.,     1.0,      0.,   0
167,     ,      0.,     1.0,      0.,   0
168,     ,      0.,     1.0,      0.,   0
169,     ,      0.,     1.0,      0.,   0
170,     ,      0.,     1.0,      0.,   0
171,     ,      0.,     1.0,      0.,   0
172,     ,      0.,     1.0,      0.,   0
173,     ,      0.,     1.0,      0.,   0
174,     ,      0.,     1.0,      0.,   0
175,     ,      0.,     1.0,      0.,   0
176,     ,      0.,     1.0,      0.,   0
177,     ,      0.,     1.0,      0.,   0
178,     ,      0.,     1.0,      0.,   0
179,     ,      0.,     1.0,      0.,   0
180,     ,      0.,     1.0,      0.,   0
181,     ,      0.,     1.0,      0.,   0
182,co2p1,      0.,     1.0,      0.,   0
183,co2p2,      0.,     1.0,      0.,   0
184,co2p3,      0.,     1.0,      0.,   0
185,co2p4,      0.,     1.0,      0.,   0
186,h2op1,      0.,     1.0,      0.,   0
187,h2op2,      0.,     1.0,      0.,   0
188,h2op3,      0.,     1.0,      0.,   0
189,h2op4,      0.,     1.0,      0.,   0
190,co2pa,      0.,     1.0,      0.,   0
191,co2pb,      0.,     1.0,      0.,   0
192,co2pc,      0.,     1.0,      0.,   0
193,co2pd,      0.,     1.0,      0.,   0
194,co2pe,      0.,     1.0,      0.,   0
195,h2opa,      0.,     1.0,      0.,   0
196,h2opb,      0.,     1.0,      0.,   0
197,h2opc,      0.,     1.0,      0.,   0
198,h2opd,      0.,     1.0,      0.,   0
199,h2ope,      0.,     1.0,      0.,   0
200,calib,      0.,     1.0,      0.,   0
Crossproducts and Covariances - max 40 (array locations 41-100 reserved for other stuff)
 3, 4		w1,T1                    
 3,14		w1,CO2e
 3,15		w1,H2Oe
 3, 1	 	w1,u1
 3, 2		w1,v1
 1, 2           u1,v1
 3,85 		w1,u1rot
 3,86		w1,v1rot 
Third moments - max 10
 3, 3, 4        w1,w1,T1
 3, 4, 4        w1,T1,T1
 3, 1, 1        w1,u1,u1
 3, 2, 2       	w1,v1,v1
 3,85,85      	w1,u1rot,u1rot
 3,86,86        w1,v1rot,v1rot      
 3,3,15       	w1,w1,H2Oe
 3,15,15       	w1,w1,H2Oe
 3,14,14        w1,CO2e,CO2e
Notes: Third moments are physically located in the flux array, locations 61-70. In
locations 41-53 we have the following hardwired (from rot2000.f):
 41	vw 3D rotated
 42	wT 3D rotated
 43	hor 3D rotation angle
 44	theta (wbar/ws)
 45	beta
 46	uw 3D rotated
 47	uw 2D rotated
 48	NA  (uw bottom sonic)
 49	NA  (uw middle sonic)
 50	TKE top
 51	NA  (TKE 2)
 52 	NA  (TKE 3)
 53	Obukhov L 
autocorrelations - max.25 
3,4,7,10,13,14,15,16,17,85,87,89,91
crosscorrelations (enter the one with the lag second) - max 25
 3, 4       w1,T1
 3,14       w1,CO2e
 3,15       w4,H2Oe 
