               3.7644762205D-39              0.0000000000D+00              3.1415927410D+00              2.9979244800D+08
               5.2631580830D-01              1.4579387009D-01              3.1415927410D+00              2.9979244800D+08
               1.0526316166D+00              1.1663509607D+00              3.1415927410D+00              2.9979244800D+08
               1.5789474249D+00              3.9364342690D+00              3.1415927410D+00              2.9979244800D+08
               2.1052632332D+00              9.3308076859D+00              3.1415927410D+00              2.9979244800D+08
               2.6315789223D+00              1.8224229813D+01              3.1415927410D+00              2.9979244800D+08
               3.1578948498D+00              3.1491474152D+01              3.1415927410D+00              2.9979244800D+08
               3.6842107773D+00              5.0007301331D+01              3.1415927410D+00              2.9979244800D+08
               4.2105264664D+00              7.4646461487D+01              3.1415927410D+00              2.9979244800D+08
               4.7368421555D+00              1.0628372192D+02              3.1415927410D+00              2.9979244800D+08
               5.2631578445D+00              1.4579383850D+02              3.1415927410D+00              2.9979244800D+08
               5.7894740105D+00              1.9405165100D+02              3.1415927410D+00              2.9979244800D+08
               6.3157896996D+00              2.5193179321D+02              3.1415927410D+00              2.9979244800D+08
               6.8421053886D+00              3.2030911255D+02              3.1415927410D+00              2.9979244800D+08
               7.3684215546D+00              4.0005841064D+02              3.1415927410D+00              2.9979244800D+08
               7.8947372437D+00              4.9205432129D+02              3.1415927410D+00              2.9979244800D+08
               8.4210529327D+00              5.9717169189D+02              3.1415927410D+00              2.9979244800D+08
               8.9473686218D+00              7.1628521729D+02              3.1415927410D+00              2.9979244800D+08
               9.4736843109D+00              8.5026977539D+02              3.1415927410D+00              2.9979244800D+08
               1.0000000000D+01              1.0000000000D+03              3.1415927410D+00              2.9979244800D+08
