    tempo  v rms
 ----------
   0.00000000       0.00000000       0.00000000    
   6.00000005E-03   6.95933178E-02   9.81265754E-02
   1.20000001E-02  0.139146566      0.196196660    
   1.79999992E-02  0.208619654      0.294153720    
   2.40000002E-02  0.277972579      0.391941339    
   3.00000012E-02  0.347165436      0.489503264    
   3.59999985E-02  0.416158259      0.586783111    
   4.19999994E-02  0.484911472      0.683725178    
   4.80000004E-02  0.553385317      0.780273259    
   5.40000014E-02  0.621540546      0.876372159    
   6.00000024E-02  0.689337671      0.971966088    
   6.59999996E-02  0.756737709       1.06700015    
   7.19999969E-02  0.823701978       1.16141975    
   7.80000016E-02  0.890191853       1.25517046    
   8.39999989E-02  0.956168890       1.34819806    
   9.00000036E-02   1.02159536       1.44044948    
   9.60000008E-02   1.08643329       1.53187096    
  0.101999998       1.15064549       1.62241006    
  0.108000003       1.21419501       1.71201491    
  0.114000000       1.27704513       1.80063355    
  0.120000005       1.33915973       1.88821518    
  0.126000002       1.40050292       1.97470903    
  0.131999999       1.46103954       2.06006575    
  0.137999997       1.52073467       2.14423585    
  0.143999994       1.57955372       2.22717071    
  0.150000006       1.63746333       2.30882335    
  0.156000003       1.69442952       2.38914561    
  0.162000000       1.75041986       2.46809196    
  0.167999998       1.80540204       2.54561687    
  0.173999995       1.85934424       2.62167525    
  0.180000007       1.91221559       2.69622397    
  0.186000004       1.96398556       2.76921964    
  0.192000002       2.01462436       2.84062028    
  0.197999999       2.06410289       2.91038489    
  0.203999996       2.11239219       2.97847295    
  0.210000008       2.15946531       3.04484606    
  0.216000006       2.20529413       3.10946465    
  0.222000003       2.24985313       3.17229295    
  0.228000000       2.29311609       3.23329353    
  0.233999997       2.33505821       3.29243207    
  0.240000010       2.37565565       3.34967446    
  0.246000007       2.41488481       3.40498757    
  0.252000004       2.45272279       3.45833898    
  0.258000016       2.48914838       3.50969911    
  0.263999999       2.52413988       3.55903721    
  0.270000011       2.55767775       3.60632563    
  0.275999993       2.58974242       3.65153670    
  0.282000005       2.62031555       3.69464493    
  0.287999988       2.64937925       3.73562455    
  0.294000000       2.67691731       3.77445340    
  0.300000012       2.70291352       3.81110787    
  0.305999994       2.72735262       3.84556699    
  0.312000006       2.75022125       3.87781191    
  0.317999989       2.77150559       3.90782285    
  0.324000001       2.79119349       3.93558264    
  0.330000013       2.80927396       3.96107626    
  0.335999995       2.82573628       3.98428798    
  0.342000008       2.84057093       4.00520468    
  0.347999990       2.85376954       4.02381516    
  0.354000002       2.86532474       4.04010773    
  0.360000014       2.87522936       4.05407333    
  0.365999997       2.88347793       4.06570387    
  0.372000009       2.89006567       4.07499266    
  0.377999991       2.89498901       4.08193445    
  0.384000003       2.89824462       4.08652496    
  0.390000015       2.89983106       4.08876181    
  0.395999998       2.89974737       4.08864355    
  0.402000010       2.89799333       4.08617067    
  0.407999992       2.89457035       4.08134413    
  0.414000005       2.88947988       4.07416630    
  0.420000017       2.88272524       4.06464243    
  0.425999999       2.87431049       4.05277777    
  0.432000011       2.86423993       4.03857803    
  0.437999994       2.85251975       4.02205276    
  0.444000006       2.83915663       4.00321054    
  0.450000018       2.82415819       3.98206306    
  0.456000000       2.80753326       3.95862174    
  0.462000012       2.78929114       3.93290043    
  0.467999995       2.76944232       3.90491366    
  0.474000007       2.74799848       3.87467766    
  0.480000019       2.72497201       3.84221053    
  0.486000001       2.70037603       3.80753016    
  0.492000014       2.67422438       3.77065635    
  0.497999996       2.64653277       3.73161101    
  0.504000008       2.61731672       3.69041657    
  0.509999990       2.58659315       3.64709616    
  0.516000032       2.55437946       3.60167503    
  0.522000015       2.52069521       3.55418015    
  0.527999997       2.48555875       3.50463772    
  0.533999979       2.44899082       3.45307708    
  0.540000021       2.41101193       3.39952683    
  0.546000004       2.37164474       3.34401894    
  0.551999986       2.33091164       3.28658533    
  0.558000028       2.28883553       3.22725797    
  0.564000010       2.24544144       3.16607237    
  0.569999993       2.20075417       3.10306334    
  0.575999975       2.15479946       3.03826714    
  0.582000017       2.10760283       2.97171998    
  0.588000000       2.05919290       2.90346193    
  0.593999982       2.00959682       2.83353138    
  0.600000024       1.95884311       2.76196861    
  0.606000006       1.90696132       2.68881536    
  0.611999989       1.85398149       2.61411381    
  0.618000031       1.79993308       2.53790569    
  0.624000013       1.74484849       2.46023631    
  0.629999995       1.68875897       2.38115001    
  0.635999978       1.63169670       2.30069232    
  0.642000020       1.57369411       2.21890855    
  0.648000002       1.51478565       2.13584781    
  0.653999984       1.45500481       2.05155683    
  0.660000026       1.39438534       1.96608329    
  0.666000009       1.33296335       1.87947822    
  0.671999991       1.27077353       1.79179060    
  0.678000033       1.20785117       1.70307016    
  0.684000015       1.14423370       1.61336946    
  0.689999998       1.07995737       1.52273989    
  0.695999980       1.01505876       1.43123281    
  0.702000022      0.949574947       1.33890069    
  0.708000004      0.883544922       1.24579835    
  0.713999987      0.817006052       1.15197849    
  0.720000029      0.749995828       1.05749404    
  0.726000011      0.682554305      0.962401569    
  0.731999993      0.614719689      0.866754770    
  0.738000035      0.546530306      0.770607710    
  0.744000018      0.478026837      0.674017847    
  0.750000000      0.409248024      0.577039719    
  0.755999982      0.340233535      0.479729265    
  0.762000024      0.271022350      0.382141501    
  0.768000007      0.201655746      0.284334600    
  0.773999989      0.132173032      0.186363965    
  0.780000031       6.26134723E-02   8.82849917E-02
  0.786000013      -6.98145246E-03  -9.84384771E-03
  0.791999996      -7.65723586E-02 -0.107967027    
  0.797999978     -0.146119162     -0.206028014    
  0.804000020     -0.215582490     -0.303971291    
  0.810000002     -0.284920961     -0.401738554    
  0.815999985     -0.354095310     -0.499274373    
  0.822000027     -0.423066437     -0.596523643    
  0.828000009     -0.491793156     -0.693428338    
  0.833999991     -0.560236633     -0.789933622    
  0.840000033     -0.628358126     -0.885984957    
  0.846000016     -0.696117043     -0.981525004    
  0.851999998     -0.763474941      -1.07649970    
  0.857999980     -0.830393195      -1.17085433    
  0.864000022     -0.896833777      -1.26453555    
  0.870000005     -0.962757111      -1.35748744    
  0.875999987      -1.02812600      -1.44965768    
  0.882000029      -1.09290338      -1.54099369    
  0.888000011      -1.15705049      -1.63144112    
  0.893999994      -1.22053123      -1.72094893    
  0.900000036      -1.28330970      -1.80946660    
  0.906000018      -1.34534836      -1.89694118    
  0.912000000      -1.40661204      -1.98332298    
  0.917999983      -1.46706569      -2.06856251    
  0.924000025      -1.52667487      -2.15261149    
  0.930000007      -1.58540416      -2.23541975    
  0.935999990      -1.64322031      -2.31694055    
  0.942000031      -1.70009053      -2.39712763    
  0.948000014      -1.75598097      -2.47593307    
  0.953999996      -1.81086016      -2.55331278    
  0.960000038      -1.86469674      -2.62922239    
  0.966000021      -1.91745877      -2.70361686    
  0.972000003      -1.96911657      -2.77645421    
  0.977999985      -2.01963997      -2.84769225    
  0.984000027      -2.06900072      -2.91729093    
  0.990000010      -2.11716938      -2.98520875    
  0.995999992      -2.16411853      -3.05140710    
   1.00199997      -2.20982122      -3.11584783    
   1.00800002      -2.25425172      -3.17849493    
   1.01400006      -2.29738355      -3.23931074    
   1.01999998      -2.33919144      -3.29825974    
   1.02600002      -2.37965298      -3.35531068    
   1.03200006      -2.41874361      -3.41042852    
   1.03799999      -2.45644045      -3.46358085    
   1.04400003      -2.49272323      -3.51473975    
   1.04999995      -2.52756953      -3.56387305    
   1.05599999      -2.56096077      -3.61095452    
   1.06200004      -2.59287691      -3.65595627    
   1.06799996      -2.62329912      -3.69885159    
   1.07400000      -2.65221095      -3.73961735    
   1.08000004      -2.67959499      -3.77822876    
   1.08599997      -2.70543528      -3.81466365    
   1.09200001      -2.72971773      -3.84890199    
   1.09800005      -2.75242805      -3.88092351    
   1.10399997      -2.77355242      -3.91070890    
   1.11000001      -2.79307985      -3.93824244    
   1.11600006      -2.81099844      -3.96350765    
   1.12199998      -2.82729769      -3.98648953    
   1.12800002      -2.84196877      -4.00717592    
   1.13400006      -2.85500312      -4.02555418    
   1.13999999      -2.86639261      -4.04161358    
   1.14600003      -2.87613153      -4.05534554    
   1.15199995      -2.88421345      -4.06674099    
   1.15799999      -2.89063478      -4.07579517    
   1.16400003      -2.89539075      -4.08250093    
   1.16999996      -2.89847922      -4.08685541    
   1.17600000      -2.89989805      -4.08885622    
   1.18200004      -2.89964676      -4.08850193    
   1.18799996      -2.89772534      -4.08579254    
   1.19400001      -2.89413476      -4.08072996    
   1.20000005      -2.88887739      -4.07331705    
   1.20599997      -2.88195634      -4.06355858    
   1.21200001      -2.87337494      -4.05145836    
   1.21800005      -2.86313868      -4.03702545    
   1.22399998      -2.85125351      -4.02026749    
   1.23000002      -2.83772588      -4.00119352    
   1.23600006      -2.82256365      -3.97981477    
   1.24199998      -2.80577636      -3.95614457    
   1.24800003      -2.78737211      -3.93019462    
   1.25400007      -2.76736283      -3.90198159    
   1.25999999      -2.74575996      -3.87152147    
   1.26600003      -2.72257543      -3.83883119    
   1.27199996      -2.69782281      -3.80393004    
   1.27800000      -2.67151594      -3.76683736    
   1.28400004      -2.64367056      -3.72757530    
   1.28999996      -2.61430287      -3.68616700    
   1.29600000      -2.58342886      -3.64263463    
   1.30200005      -2.55106688      -3.59700418    
   1.30799997      -2.51723623      -3.54930305    
   1.31400001      -2.48195505      -3.49955654    
   1.32000005      -2.44524431      -3.44779444    
   1.32599998      -2.40712595      -3.39404750    
   1.33200002      -2.36762023      -3.33834434    
   1.33800006      -2.32675099      -3.28071880    
   1.34399998      -2.28454208      -3.22120428    
   1.35000002      -2.24101686      -3.15983367    
   1.35600007      -2.19620085      -3.09664321    
   1.36199999      -2.15012074      -3.03167009    
   1.36800003      -2.10280132      -2.96494985    
   1.37399995      -2.05427170      -2.89652300    
   1.38000000      -2.00455785      -2.82642651    
   1.38600004      -1.95368934      -2.75470185    
   1.39199996      -1.90169656      -2.68139219    
   1.39800000      -1.84860754      -2.60653663    
   1.40400004      -1.79445386      -2.53017998    
   1.40999997      -1.73926759      -2.45236731    
   1.41600001      -1.68307841      -2.37314057    
   1.42200005      -1.62591994      -2.29254699    
   1.42799997      -1.56782615      -2.21063471    
   1.43400002      -1.50882792      -2.12744737    
   1.44000006      -1.44896090      -2.04303479    
   1.44599998      -1.38826048      -1.95744729    
   1.45200002      -1.32675910      -1.87073028    
   1.45800006      -1.26449370      -1.78293610    
   1.46399999      -1.20150125      -1.69411671    
   1.47000003      -1.13781536      -1.60431957    
   1.47600007      -1.07347417      -1.51359856    
   1.48199999      -1.00851607      -1.42200768    
   1.48800004     -0.942975700      -1.32959569    
   1.49399996     -0.876893520      -1.23641980    
   1.50000000     -0.810304940      -1.14252996    
   1.50600004     -0.743249714      -1.04798210    
   1.51199996     -0.675767660     -0.952832401    
   1.51800001     -0.607895136     -0.857132137    
   1.52400005     -0.539672375     -0.760938048    
   1.52999997     -0.471140206     -0.664307654    
   1.53600001     -0.402335256     -0.567292690    
   1.54200006     -0.333298594     -0.469951004    
   1.54799998     -0.264071345     -0.372340590    
   1.55400002     -0.194690615     -0.274513751    
   1.56000006     -0.125197753     -0.176528826    
   1.56599998      -5.56341559E-02  -7.84441605E-02
   1.57200003       1.39628658E-02   1.96876395E-02
   1.57800007       8.35518464E-02  0.117808104    
   1.58399999      0.153091326      0.215858772    
   1.59000003      0.222543985      0.313787013    
   1.59599996      0.291867107      0.411532611    
   1.60200000      0.361023515      0.509043157    
   1.60800004      0.429971933      0.606260419    
   1.61399996      0.498671383      0.703126609    
   1.62000000      0.567084968      0.799589813    
   1.62600005      0.635171890      0.895592332    
   1.63199997      0.702891648      0.991077185    
   1.63800001      0.770207942       1.08599317    
   1.64400005      0.837080538       1.18028355    
   1.64999998      0.903469682       1.27389216    
   1.65600002      0.969339848       1.36676919    
   1.66200006       1.03465164       1.45885873    
   1.66799998       1.09936619       1.55010629    
   1.67400002       1.16344881       1.64046276    
   1.68000007       1.22686148       1.72987461    
   1.68599999       1.28956604       1.81828809    
   1.69200003       1.35152912       1.90565598    
   1.69800007       1.41271377       1.99192631    
   1.70400000       1.47308362       2.07704782    
   1.71000004       1.53260624       2.16097474    
   1.71599996       1.59124482       2.24365520    
   1.72200000       1.64896810       2.32504487    
   1.72800004       1.70574164       2.40509558    
   1.73399997       1.76153147       2.48375940    
   1.74000001       1.81630790       2.56099415    
   1.74600005       1.87003815       2.63675380    
   1.75199997       1.92269039       2.71099329    
   1.75800002       1.97423613       2.78367281    
   1.76400006       2.02464461       2.85474873    
   1.76999998       2.07388639       2.92417979    
   1.77600002       2.12193418       2.99192715    
   1.78200006       2.16876006       3.05795169    
   1.78799999       2.21433592       3.12221360    
   1.79400003       2.25863719       3.18467832    
   1.80000007       2.30163741       3.24530864    
   1.80599999       2.34331107       3.30406857    
   1.81200004       2.38363624       3.36092710    
   1.81799996       2.42258739       3.41584826    
   1.82400000       2.46014404       3.46880293    
   1.83000004       2.49628377       3.51976013    
   1.83599997       2.53098488       3.56868863    
   1.84200001       2.56422901       3.61556292    
   1.84800005       2.59599638       3.66035485    
   1.85399997       2.62626767       3.70303726    
   1.86000001       2.65502667       3.74358749    
   1.86600006       2.68225694       3.78198218    
   1.87199998       2.70794129       3.81819725    
   1.87800002       2.73206687       3.85221410    
   1.88400006       2.75461864       3.88401222    
   1.88999999       2.77558351       3.91357255    
   1.89600003       2.79495001       3.94087934    
   1.90200007       2.81270671       3.96591640    
   1.90799999       2.82884312       3.98866868    
   1.91400003       2.84335041       4.00912380    
   1.92000008       2.85622001       4.02727032    
   1.92600000       2.86744428       4.04309654    
   1.93200004       2.87701726       4.05659437    
   1.93799996       2.88493276       4.06775522    
   1.94400001       2.89118695       4.07657337    
   1.95000005       2.89577579       4.08304358    
   1.95599997       2.89869666       4.08716202    
   1.96200001       2.89994812       4.08892679    
   1.96800005       2.89952946       4.08833647    
   1.97399998       2.89744043       4.08539104    
   1.98000002       2.89368272       4.08009243    
   1.98600006       2.88825822       4.07244396    
   1.99199998       2.88117027       4.06244993    
   1.99800003       2.87242270       4.05011606    
   2.00399995       2.86202097       4.03544950    
   2.00999999       2.84997058       4.01845837    
   2.01600003       2.83627844       3.99915242    
   2.02200007       2.82095289       3.97754359    
   2.02800012       2.80400252       3.95364356    
   2.03399992       2.78543782       3.92746735    
   2.03999996       2.76526809       3.89902782    
   2.04600000       2.74350572       3.86834288    
   2.05200005       2.72016311       3.83542991    
   2.05800009       2.69525337       3.80030727    
   2.06400013       2.66879153       3.76299596    
   2.06999993       2.64079380       3.72351909    
   2.07599998       2.61127353       3.68189549    
   2.08200002       2.58024955       3.63815188    
   2.08800006       2.54773951       3.59231257    
   2.09400010       2.51376152       3.54440355    
   2.09999990       2.47833753       3.49445581    
   2.10599995       2.44148445       3.44249296    
   2.11199999       2.40322518       3.38854742    
   2.11800003       2.36358190       3.33265042    
   2.12400007       2.32257700       3.27483344    
   2.13000011       2.28023458       3.21513057    
   2.13599992       2.23658013       3.15357780    
   2.14199996       2.19163609       3.09020686    
   2.14800000       2.14542961       3.02505565    
   2.15400004       2.09798741       2.95816207    
   2.16000009       2.04933691       2.88956499    
   2.16600013       1.99950588       2.81930327    
   2.17199993       1.94852519       2.74742055    
   2.17799997       1.89642048       2.67395282    
   2.18400002       1.84322321       2.59894466    
   2.19000006       1.78896427       2.52243948    
   2.19600010       1.73367512       2.44448185    
   2.20199990       1.67738926       2.36511874    
   2.20799994       1.62013543       2.28439093    
   2.21399999       1.56194830       2.20234704    
   2.22000003       1.50286162       2.11903477    
   2.22600007       1.44290912       2.03450179    
   2.23200011       1.38212562       1.94879711    
   2.23799992       1.32054865       1.86197352    
   2.24399996       1.25820851       1.77407396    
   2.25000000       1.19514370       1.68515253    
   2.25600004       1.13139045       1.59526050    
   2.26200008       1.06698549       1.50444949    
   2.26800013       1.00196612       1.41277218    
   2.27399993      0.936372161       1.32028472    
   2.27999997      0.870236337       1.22703326    
   2.28600001      0.803599238       1.13307488    
   2.29200006      0.736499250       1.03846395    
   2.29800010      0.668975115      0.943254888    
   2.30399990      0.601068377      0.847506404    
   2.30999994      0.532812655      0.751265824    
   2.31599998      0.464250118      0.654592633    
   2.32200003      0.395420164      0.557542443    
   2.32800007      0.326362431      0.460171014    
   2.33400011      0.257116765      0.362534642    
   2.33999991      0.187725723      0.264693260    
   2.34599996      0.118223824      0.166695595    
   2.35200000       4.86538298E-02   6.86018988E-02
   2.35800004      -2.09441967E-02  -2.95313168E-02
   2.36400008      -9.05301571E-02 -0.127647519    
   2.37000012     -0.160063967     -0.225690186    
   2.37599993     -0.229502827     -0.323598981    
   2.38199997     -0.298812270     -0.421325296    
   2.38800001     -0.367949605     -0.518808901    
   2.39400005     -0.436875015     -0.615993738    
   2.40000010     -0.505548775     -0.712823749    
   2.40600014     -0.573931336     -0.809243143    
   2.41199994     -0.641980648     -0.905192673    
   2.41799998     -0.709662914      -1.00062466    
   2.42400002     -0.776936471      -1.09548044    
   2.43000007     -0.843762398      -1.18970490    
   2.43600011     -0.910102427      -1.28324437    
   2.44199991     -0.975915611      -1.37604094    
   2.44799995      -1.04116929      -1.46804869    
   2.45400000      -1.10582340      -1.55921090    
   2.46000004      -1.16984046      -1.64947498    
   2.46600008      -1.23318374      -1.73878908    
   2.47200012      -1.29581678      -1.82710159    
   2.47799993      -1.35770094      -1.91435826    
   2.48399997      -1.41880560      -2.00051594    
   2.49000001      -1.47909307      -2.08552122    
   2.49600005      -1.53852856      -2.16932511    
   2.50200009      -1.59707797      -2.25187993    
   2.50800014      -1.65470743      -2.33313751    
   2.51399994      -1.71138167      -2.41304803    
   2.51999998      -1.76707232      -2.49157190    
   2.52600002      -1.82174516      -2.56866050    
   2.53200006      -1.87536871      -2.64426994    
   2.53800011      -1.92791224      -2.71835613    
   2.54399991      -1.97934330      -2.79087400    
   2.54999995      -2.02963638      -2.86178732    
   2.55599999      -2.07876039      -2.93105197    
   2.56200004      -2.12668681      -2.99862838    
   2.56800008      -2.17338848      -3.06447768    
   2.57400012      -2.21883845      -3.12856221    
   2.57999992      -2.26300859      -3.19084215    
   2.58599997      -2.30587721      -3.25128675    
   2.59200001      -2.34741735      -3.30985832    
   2.59800005      -2.38760567      -3.36652398    
   2.60400009      -2.42641878      -3.42125034    
   2.61000013      -2.46383429      -3.47400618    
   2.61599994      -2.49982905      -3.52475882    
   2.62199998      -2.53438568      -3.57348371    
   2.62800002      -2.56748247      -3.62015009    
   2.63400006      -2.59910059      -3.66473174    
   2.64000010      -2.62922144      -3.70720220    
   2.64599991      -2.65782690      -3.74753594    
   2.65199995      -2.68490267      -3.78571272    
   2.65799999      -2.71043205      -3.82170916    
   2.66400003      -2.73440027      -3.85550427    
   2.67000008      -2.75679350      -3.88707876    
   2.67600012      -2.77759886      -3.91641426    
   2.68199992      -2.79680371      -3.94349313    
   2.68799996      -2.81439829      -3.96830153    
   2.69400001      -2.83037186      -3.99082422    
   2.70000005      -2.84471536      -4.01104879    
   2.70600009      -2.85742021      -4.02896261    
   2.71200013      -2.86847925      -4.04455566    
   2.71799994      -2.87788582      -4.05781889    
   2.72399998      -2.88563514      -4.06874561    
   2.73000002      -2.89172244      -4.07732868    
   2.73600006      -2.89614415      -4.08356333    
   2.74200010      -2.89889765      -4.08744574    
   2.74799991      -2.89998150      -4.08897400    
   2.75399995      -2.89939499      -4.08814669    
   2.75999999      -2.89713883      -4.08496571    
   2.76600003      -2.89321375      -4.07943106    
   2.77200007      -2.88762212      -4.07154703    
   2.77800012      -2.88036728      -4.06131792    
   2.78399992      -2.87145400      -4.04874992    
   2.78999996      -2.86088657      -4.03385019    
   2.79600000      -2.84867120      -4.01662636    
   2.80200005      -2.83481479      -3.99708867    
   2.80800009      -2.81932592      -3.97524953    
   2.81400013      -2.80221319      -3.95112062    
   2.81999993      -2.78348684      -3.92471647    
   2.82599998      -2.76315689      -3.89605117    
   2.83200002      -2.74123526      -3.86514163    
   2.83800006      -2.71773481      -3.83200598    
   2.84400010      -2.69266891      -3.79666305    
   2.85000014      -2.66605210      -3.75913334    
   2.85599995      -2.63790107      -3.71944046    
   2.86199999      -2.60822940      -3.67760348    
   2.86800003      -2.57705545      -3.63364816    
   2.87400007      -2.54439688      -3.58759952    
   2.88000011      -2.51027322      -3.53948522    
   2.88599992      -2.47470474      -3.48933363    
   2.89199996      -2.43770981      -3.43717074    
   2.89800000      -2.39931083      -3.38302827    
   2.90400004      -2.35952973      -3.32693696    
   2.91000009      -2.31838965      -3.26892924    
   2.91600013      -2.27591419      -3.20903897    
   2.92199993      -2.23212981      -3.14730287    
   2.92799997      -2.18705773      -3.08375144    
   2.93400002      -2.14072609      -3.01842380    
   2.94000006      -2.09316158      -2.95135784    
   2.94600010      -2.04439116      -2.88259149    
   2.95200014      -1.99444342      -2.81216526    
   2.95799994      -1.94334888      -2.74012184    
   2.96399999      -1.89113295      -2.66649747    
   2.97000003      -1.83782792      -2.59133720    
   2.97600007      -1.78346431      -2.51468468    
   2.98200011      -1.72807336      -2.43658328    
   2.98799992      -1.67168951      -2.35708213    
   2.99399996      -1.61434031      -2.27621984    
   3.00000000      -1.55606151      -2.19404674    
   3.00600004      -1.49688637      -2.11060977    
   3.01200008      -1.43684912      -2.02595711    
   3.01800013      -1.37598407      -1.94013751    
   3.02399993      -1.31432915      -1.85320401    
   3.02999997      -1.25191474      -1.76519978    
   3.03600001      -1.18877923      -1.67617869    
   3.04200006      -1.12495899      -1.58619213    
   3.04800010      -1.06049073      -1.49529195    
   3.05400014     -0.995411754      -1.40353060    
   3.05999994     -0.929762006      -1.31096435    
   3.06599998     -0.863574147      -1.21763957    
   3.07200003     -0.796888828      -1.12361324    
   3.07800007     -0.729744613      -1.02893984    
   3.08400011     -0.662180007     -0.933673799    
   3.08999991     -0.594236732     -0.837873757    
   3.09599996     -0.525948524     -0.741587400    
   3.10200000     -0.457357377     -0.644873857    
   3.10800004     -0.388502747     -0.547788858    
   3.11400008     -0.319424421     -0.450388432    
   3.12000012     -0.250162065     -0.352728516    
   3.12599993     -0.180758372     -0.254869312    
   3.13199997     -0.111247838     -0.156859443    
   3.13800001      -4.16732132E-02  -5.87592311E-02
   3.14400005       2.79254075E-02   3.93748246E-02
   3.15000010       9.75079387E-02  0.137486190    
   3.15600014      0.167034313      0.235518381    
   3.16199994      0.236461744      0.333411038    
   3.16799998      0.305755705      0.431115538    
   3.17400002      0.374873549      0.528571665    
   3.18000007      0.443775505      0.625723422    
   3.18600011      0.512421846      0.722514808    
   3.19199991      0.580770373      0.818886220    
   3.19799995      0.648787022      0.914789677    
   3.20400000      0.716430008       1.01016629    
   3.21000004      0.783660471       1.10496128    
   3.21600008      0.850439370       1.19911945    
   3.22200012      0.916728497       1.29258716    
   3.22799993      0.982487082       1.38530672    
   3.23399997       1.04768229       1.47723198    
   3.24000001       1.11227405       1.56830633    
   3.24600005       1.17622530       1.65847766    
   3.25200009       1.23949897       1.74769354    
   3.25800014       1.30205870       1.83590269    
   3.26399994       1.36386609       1.92305112    
   3.26999998       1.42489028       2.00909519    
   3.27600002       1.48509395       2.09398246    
   3.28200006       1.54444206       2.17766333    
   3.28800011       1.60290074       2.26009011    
   3.29399991       1.66043377       2.34121156    
   3.29999995       1.71701288       2.42098808    
   3.30599999       1.77260292       2.49937010    
   3.31200004       1.82717192       2.57631230    
   3.31800008       1.88068855       2.65177083    
   3.32400012       1.93312204       2.72570205    
   3.32999992       1.98443997       2.79806018    
   3.33599997       2.03461695       2.86880994    
   3.34200001       2.08362222       2.93790722    
   3.34800005       2.13142705       3.00531197    
   3.35400009       2.17800450       3.07098627    
   3.36000013       2.22332740       3.13489151    
   3.36599994       2.26736784       3.19698858    
   3.37199998       2.31010413       3.25724673    
   3.37800002       2.35150981       3.31562877    
   3.38400006       2.39156127       3.37210131    
   3.39000010       2.43023515       3.42663145    
   3.39600015       2.46750927       3.47918797    
   3.40199995       2.50336075       3.52973866    
   3.40799999       2.53777170       3.57825804    
   3.41400003       2.57072115       3.62471676    
   3.42000008       2.60218954       3.66908717    
   3.42600012       2.63215947       3.71134472    
   3.43199992       2.66061211       3.75146294    
   3.43799996       2.68753338       3.78942204    
   3.44400001       2.71290684       3.82519865    
   3.45000005       2.73671770       3.85877180    
   3.45600009       2.75895214       3.89012241    
   3.46200013       2.77959752       3.91923237    
   3.46799994       2.79864120       3.94608402    
   3.47399998       2.81607389       3.97066402    
   3.48000002       2.83188415       3.99295664    
   3.48600006       2.84606385       4.01294994    
   3.49200010       2.85860395       4.03063154    
   3.49800014       2.86949754       4.04599142    
   3.50399995       2.87873793       4.05902052    
   3.50999999       2.88632083       4.06971216    
   3.51600003       2.89224124       4.07806015    
   3.52200007       2.89649558       4.08405876    
   3.52800012       2.89908171       4.08770514    
   3.53399992       2.89999819       4.08899736    
   3.53999996       2.89924431       4.08793449    
   3.54600000       2.89682031       4.08451653    
   3.55200005       2.89272809       4.07874632    
   3.55800009       2.88696957       4.07062721    
   3.56400013       2.87954807       4.06016254    
   3.56999993       2.87046862       4.04736042    
   3.57599998       2.85973549       4.03222704    
   3.58200002       2.84735513       4.01477051    
   3.58800006       2.83333468       3.99500179    
   3.59400010       2.81768250       3.97293234    
   3.60000014       2.80040717       3.94857407    
   3.60599995       2.78151965       3.92194271    
   3.61199999       2.76102948       3.89305139    
   3.61800003       2.73894906       3.86191797    
   3.62400007       2.71529102       3.82856035    
   3.63000011       2.69006896       3.79299712    
   3.63599992       2.66329837       3.75525069    
   3.64199996       2.63499284       3.71533990    
   3.64800000       2.60516977       3.67328930    
   3.65400004       2.57384610       3.62912297    
   3.66000009       2.54103994       3.58286619    
   3.66600013       2.50677013       3.53454590    
   3.67199993       2.47105789       3.48419166    
   3.67799997       2.43392110       3.43182874    
   3.68400002       2.39538240       3.37748909    
   3.69000006       2.35546422       3.32120442    
   3.69600010       2.31418896       3.26300645    
   3.70200014       2.27158093       3.20292902    
   3.70799994       2.22766638       3.14100957    
   3.71399999       2.18246675       3.07727814    
   3.72000003       2.13601017       3.01177430    
   3.72600007       2.08832335       2.94453597    
   3.73200011       2.03943372       2.87560153    
   3.73799992       1.98937130       2.80501342    
   3.74399996       1.93816125       2.73280740    
   3.75000000       1.88583493       2.65902710    
   3.75600004       1.83242214       2.58371520    
   3.76200008       1.77795410       2.50691533    
   3.76800013       1.72246194       2.42867136    
   3.77399993       1.66597974       2.34903145    
   3.77999997       1.60853589       2.26803565    
   3.78600001       1.55016565       2.18573356    
   3.79200006       1.49090254       2.10217261    
   3.79800010       1.43078065       2.01740074    
   3.80400014       1.36983454       1.93146670    
   3.80999994       1.30810201       1.84442377    
   3.81599998       1.24561369       1.75631523    
   3.82200003       1.18240786       1.66719508    
   3.82800007       1.11852098       1.57711458    
   3.83400011       1.05398977       1.48612559    
   3.84000015      0.988851547       1.39428067    
   3.84599996      0.923146367       1.30163634    
   3.85200000      0.856906831       1.20823860    
   3.85800004      0.790173829       1.11414504    
   3.86400008      0.722985685       1.01940978    
   3.87000012      0.655381083      0.924087286    
   3.87599993      0.587401688      0.828236341    
   3.88199997      0.519081295      0.731904626    
   3.88800001      0.450461954      0.635151327    
   3.89400005      0.381583124      0.538032174    
   3.90000010      0.312484503      0.440603137    
   3.90600014      0.243205905      0.342920303    
   3.91199994      0.173789978      0.245043859    
   3.91799998      0.104271203      0.147022396    
   3.92400002       3.46923620E-02   4.89162281E-02
   3.93000007      -3.49064544E-02  -4.92180996E-02
   3.93600011     -0.104485169     -0.147324085    
   3.94200015     -0.174003690     -0.245345205    
   3.94799995     -0.243419245     -0.343221128    
   3.95400000     -0.312697351     -0.440903246    
   3.96000004     -0.381795347     -0.538331449    
   3.96600008     -0.450673491     -0.635449588    
   3.97200012     -0.519291997     -0.732201695    
   3.97799993     -0.587608695     -0.828528225    
   3.98399997     -0.655589700     -0.924381435    
   3.99000001     -0.723192990      -1.01970208    
   3.99600005     -0.790379882      -1.11443555    
   4.00199986     -0.857108831      -1.20852339    
   4.00799990     -0.923346698      -1.30191886    
   4.01399994     -0.989052832      -1.39456451    
   4.01999998      -1.05418921      -1.48640680    
   4.02600002      -1.11871839      -1.57739294    
   4.03200006      -1.18260336      -1.66747069    
   4.03800011      -1.24580705      -1.75658786    
   4.04400015      -1.30829310      -1.84469318    
   4.05000019      -1.37002575      -1.93173623    
   4.05600023      -1.43096924      -2.01766658    
   4.06199980      -1.49108386      -2.10242820    
   4.06799984      -1.55034423      -2.18598533    
   4.07399988      -1.60871184      -2.26828361    
   4.07999992      -1.66615283      -2.34927535    
   4.08599997      -1.72263408      -2.42891407    
   4.09200001      -1.77812314      -2.50715351    
   4.09800005      -1.83258808      -2.58394909    
   4.10400009      -1.88599753      -2.65925646    
   4.11000013      -1.93832040      -2.73303175    
   4.11600018      -1.98952723      -2.80523324    
   4.12200022      -2.03958797      -2.87581897    
   4.12800026      -2.08847404      -2.94474840    
   4.13399982      -2.13615322      -3.01197600    
   4.13999987      -2.18260598      -3.07747436    
   4.14599991      -2.22780156      -3.14120007    
   4.15199995      -2.27171397      -3.20311666    
   4.15799999      -2.31431794      -3.26318812    
   4.16400003      -2.35558891      -3.32138038    
   4.17000008      -2.39550328      -3.37765956    
   4.17600012      -2.43403769      -3.43199301    
   4.18200016      -2.47116995      -3.48434949    
   4.18800020      -2.50687933      -3.53469968    
   4.19400024      -2.54114437      -3.58301353    
   4.19999981      -2.57394338      -3.62926006    
   4.20599985      -2.60526252      -3.67341995    
   4.21199989      -2.63508129      -3.71546459    
   4.21799994      -2.66338205      -3.75536871    
   4.22399998      -2.69014883      -3.79310966    
   4.23000002      -2.71536613      -3.82866621    
   4.23600006      -2.73901939      -3.86201715    
   4.24200010      -2.76109505      -3.89314389    
   4.24800014      -2.78158045      -3.92202830    
   4.25400019      -2.80046368      -3.94865370    
   4.26000023      -2.81773376      -3.97300458    
   4.26600027      -2.83338094      -3.99506712    
   4.27199984      -2.84739518      -4.01482725    
   4.27799988      -2.85977054      -4.03227615    
   4.28399992      -2.87049866      -4.04740286    
   4.28999996      -2.87957358      -4.06019878    
   4.29600000      -2.88698983      -4.07065535    
   4.30200005      -2.89274311      -4.07876778    
   4.30800009      -2.89683032      -4.08453083    
   4.31400013      -2.89924908      -4.08794117    
   4.32000017      -2.89999795      -4.08899689    
   4.32600021      -2.89907646      -4.08769751    
   4.33200026      -2.89648485      -4.08404350    
   4.33799982      -2.89222574      -4.07803822    
   4.34399986      -2.88630033      -4.06968355    
   4.34999990      -2.87871242      -4.05898428    
   4.35599995      -2.86946654      -4.04594755    
   4.36199999      -2.85856771      -4.03058052    
   4.36800003      -2.84602261      -4.01289177    
   4.37400007      -2.83183837      -3.99289203    
   4.38000011      -2.81602263      -3.97059178    
   4.38600016      -2.79858518      -3.94600511    
   4.39200020      -2.77953577      -3.91914535    
   4.39800024      -2.75888538      -3.89002824    
   4.40399981      -2.73664784      -3.85867333    
   4.40999985      -2.71283221      -3.82509327    
   4.41599989      -2.68745399      -3.78930998    
   4.42199993      -2.66052794      -3.75134420    
   4.42799997      -2.63206959      -3.71121812    
   4.43400002      -2.60209537      -3.66895437    
   4.44000006      -2.57062197      -3.62457681    
   4.44600010      -2.53766799      -3.57811189    
   4.45200014      -2.50325251      -3.52958584    
   4.45800018      -2.46739531      -3.47902727    
   4.46400023      -2.43011665      -3.42646432    
   4.47000027      -2.39143872      -3.37192845    
   4.47599983      -2.35138631      -3.31545472    
   4.48199987      -2.30997658      -3.25706697    
   4.48799992      -2.26723599      -3.19680262    
   4.49399996      -2.22318983      -3.13469768    
   4.50000000      -2.17786312      -3.07078695    
   4.50600004      -2.13128185      -3.00510740    
   4.51200008      -2.08347321      -2.93769717    
   4.51800013      -2.03446460      -2.86859512    
   4.52400017      -1.98428392      -2.79784036    
   4.53000021      -1.93296027      -2.72547388    
   4.53600025      -1.88052344      -2.65153790    
   4.54199982      -1.82700777      -2.57608080    
   4.54799986      -1.77243555      -2.49913406    
   4.55399990      -1.71684241      -2.42074776    
   4.55999994      -1.66026056      -2.34096742    
   4.56599998      -1.60272229      -2.25983834    
   4.57200003      -1.54426086      -2.17740774    
   4.57800007      -1.48491001      -2.09372306    
   4.58400011      -1.42470384      -2.00883245    
   4.59000015      -1.36367714      -1.92278469    
   4.59600019      -1.30186498      -1.83562958    
   4.60200024      -1.23930287      -1.74741697    
   4.60799980      -1.17603219      -1.65820539    
   4.61399984      -1.11207891      -1.56803119    
   4.61999989      -1.04748523      -1.47695410    
   4.62599993     -0.982288182      -1.38502634    
   4.63199997     -0.916525364      -1.29230070    
   4.63800001     -0.850234687      -1.19883084    
   4.64400005     -0.783454239      -1.10467041    
   4.65000010     -0.716222584      -1.00987387    
   4.65600014     -0.648578346     -0.914495468    
   4.66200018     -0.580560565     -0.818590403    
   4.66800022     -0.512208402     -0.722213805    
   4.67400026     -0.443561196     -0.625421286    
   4.67999983     -0.374664009     -0.528276265    
   4.68599987     -0.305545539     -0.430819213    
   4.69199991     -0.236251101     -0.333114058    
   4.69799995     -0.166820571     -0.235217005    
   4.70400000      -9.72939581E-02 -0.137184471    
   4.71000004      -2.77113095E-02  -3.90729457E-02
   4.71600008       4.18873020E-02   5.90610951E-02
   4.72200012      0.111461788      0.157161117    
   4.72800016      0.180972070      0.255170614    
   4.73400021      0.250378132      0.353033155    
   4.74000025      0.319639951      0.450692326    
   4.74599981      0.388712198      0.548084199    
   4.75199986      0.457566053      0.645168126    
   4.75799990      0.526156366      0.741880476    
   4.76399994      0.594443619      0.838165462    
   4.76999998      0.662388504      0.933967769    
   4.77600002      0.729951859       1.02923214    
   4.78200006      0.797094703       1.12390351    
   4.78800011      0.863778472       1.21792758    
   4.79400015      0.929964721       1.31125021    
   4.80000019      0.995615363       1.40381765    
   4.80600023       1.06069255       1.49557650    
   4.81200027       1.12515879       1.58647382    
   4.81799984       1.18897200       1.67645049    
   4.82399988       1.25210524       1.76546836    
   4.82999992       1.31451762       1.85346985    
   4.83599997       1.37617254       1.94040322    
   4.84200001       1.43703496       2.02621937    
   4.84800005       1.49706984       2.11086845    
   4.85400009       1.55624223       2.19430161    
   4.86000013       1.61451817       2.27647066    
   4.86600018       1.67186439       2.35732865    
   4.87200022       1.72824764       2.43682909    
   4.87800026       1.78363526       2.51492572    
   4.88399982       1.83799148       2.59156799    
   4.88999987       1.89129329       2.66672349    
   4.89599991       1.94350576       2.74034309    
   4.90199995       1.99459875       2.81238413    
   4.90799999       2.04454303       2.88280559    
   4.91400003       2.09330964       2.95156646    
   4.92000008       2.14087057       3.01862741    
   4.92600012       2.18719840       3.08394957    
   4.93200016       2.23226643       3.14749551    
   4.93800020       2.27604866       3.20922852    
   4.94400024       2.31852007       3.26911330    
   4.94999981       2.35965276       3.32711029    
   4.95599985       2.39942956       3.38319564    
   4.96199989       2.43782425       3.43733215    
   4.96799994       2.47481513       3.48948932    
   4.97399998       2.51038051       3.53963637    
   4.98000002       2.54449987       3.58774471    
   4.98600006       2.57715344       3.63378620    
   4.99200010       2.60832286       3.67773509    
   4.99800014       2.63798976       3.71956539    
   5.00400019       2.66613746       3.75925374    
   5.01000023       2.69274950       3.79677677    
   5.01600027       2.71781039       3.83211255    
   5.02199984       2.74130416       3.86523867    
   5.02799988       2.76322103       3.89614153    
   5.03399992       2.78354621       3.92480016    
   5.03999996       2.80226803       3.95119786    
   5.04600000       2.81937599       3.97532010    
   5.05200005       2.83485985       3.99715233    
   5.05800009       2.84871125       4.01668262    
   5.06400013       2.86092162       4.03389931    
   5.07000017       2.87148404       4.04879236    
   5.07600021       2.88039255       4.06135321    
   5.08200026       2.88764238       4.07157564    
   5.08799982       2.89322829       4.07945156    
   5.09399986       2.89714813       4.08497858    
   5.09999990       2.89939952       4.08815336    
   5.10599995       2.89998078       4.08897305    
   5.11199999       2.89889169       4.08743715    
   5.11800003       2.89613295       4.08354759    
   5.12400007       2.89170623       4.07730579    
   5.13000011       2.88561392       4.06871557    
   5.13600016       2.87785935       4.05778170    
   5.14200020       2.86844730       4.04451036    
   5.14800024       2.85738301       4.02891016    
   5.15400028       2.84467316       4.01098919    
   5.15999985       2.83032584       3.99075937    
   5.16599989       2.81434727       3.96822953    
   5.17199993       2.79674768       3.94341421    
   5.17799997       2.77753711       3.91632724    
   5.18400002       2.75672698       3.88698506    
   5.19000006       2.73432875       3.85540342    
   5.19600010       2.71035600       3.82160187    
   5.20200014       2.68482161       3.78559828    
   5.20800018       2.65774131       3.74741507    
   5.21400023       2.62912989       3.70707297    
   5.22000027       2.59900427       3.66459584    
   5.22599983       2.56738424       3.62001181    
   5.23199987       2.53428292       3.57333875    
   5.23799992       2.49972200       3.52460790    
   5.24399996       2.46372128       3.47384691    
   5.25000000       2.42630148       3.42108512    
   5.25600004       2.38748407       3.36635256    
   5.26200008       2.34729171       3.30968118    
   5.26800013       2.30574703       3.25110316    
   5.27400017       2.26287460       3.19065309    
   5.28000021       2.21869874       3.12836504    
   5.28600025       2.17324495       3.06427526    
   5.29199982       2.12654328       2.99842596    
   5.29799986       2.07861280       2.93084407    
   5.30399990       2.02948523       2.86157417    
   5.30999994       1.97918892       2.79065633    
   5.31599998       1.92775238       2.71813083    
   5.32200003       1.87520564       2.64403987    
   5.32800007       1.82157862       2.56842589    
   5.33400011       1.76690257       2.49133253    
   5.34000015       1.71120882       2.41280437    
   5.34600019       1.65452921       2.33288622    
   5.35200024       1.59689701       2.25162482    
   5.35800028       1.53834474       2.16906595    
   5.36399984       1.47891140       2.08526492    
   5.36999989       1.41862130       2.00025606    
   5.37599993       1.35751414       1.91409492    
   5.38199997       1.29562521       1.82683146    
   5.38800001       1.23298991       1.73851573    
   5.39400005       1.16964459       1.64919889    
   5.40000010       1.10562551       1.55893195    
   5.40600014       1.04096949       1.46776700    
   5.41200018      0.975713968       1.37575662    
   5.41800022      0.909896433       1.28295398    
   5.42400026      0.843554974       1.18941247    
   5.42999983      0.776732802       1.09519327    
   5.43599987      0.709457994       1.00033569    
   5.44199991      0.641774595      0.904902160    
   5.44799995      0.573721468      0.808947265    
   5.45400000      0.505337954      0.712526500    
   5.46000004      0.436663359      0.615695298    
   5.46600008      0.367737204      0.518509448    
   5.47200012      0.298599303      0.421025008    
   5.47800016      0.229289398      0.323298037    
   5.48400021      0.159847423      0.225384861    
   5.49000025       9.03133899E-02  0.127341881    
   5.49599981       2.07328610E-02   2.92333327E-02
   5.50199986      -4.88651358E-02  -6.88998401E-02
   5.50799990     -0.118434995     -0.166993335    
   5.51399994     -0.187936634     -0.264990658    
   5.51999998     -0.257330030     -0.362835348    
   5.52600002     -0.326575190     -0.460471004    
   5.53200006     -0.395632267     -0.557841480    
   5.53800011     -0.464461476     -0.654890656    
   5.54400015     -0.533023119     -0.751562595    
   5.55000019     -0.601277828     -0.847801745    
   5.55600023     -0.669186175     -0.943552494    
   5.56200027     -0.736709058      -1.03875971    
   5.56799984     -0.803802252      -1.13336110    
   5.57399988     -0.870437920      -1.22731745    
   5.57999992     -0.936572254      -1.32056689    
   5.58599997      -1.00216699      -1.41305542    
   5.59200001      -1.06718469      -1.50473034    
   5.59800005      -1.13158762      -1.59553850    
   5.60400009      -1.19533873      -1.68542755    
   5.61000013      -1.25840139      -1.77434587    
   5.61600018      -1.32073927      -1.86224234    
   5.62200022      -1.38231635      -1.94906604    
   5.62800026      -1.44309735      -2.03476715    
   5.63399982      -1.50304234      -2.11928964    
   5.63999987      -1.56212652      -2.20259833    
   5.64599991      -1.62031066      -2.28463793    
   5.65199995      -1.67756188      -2.36536217    
   5.65799999      -1.73384655      -2.44472361    
   5.66400003      -1.78913283      -2.52267718    
   5.67000008      -1.84338844      -2.59917760    
   5.67600012      -1.89658237      -2.67418098    
   5.68200016      -1.94868386      -2.74764419    
   5.68800020      -1.99966288      -2.81952453    
   5.69400024      -2.04949021      -2.88978124    
   5.70000029      -2.09813714      -2.95837331    
   5.70599985      -2.14557171      -3.02525592    
   5.71199989      -2.19177437      -3.09040189    
   5.71799994      -2.23671484      -3.15376782    
   5.72399998      -2.28036666      -3.21531701    
   5.73000002      -2.32270527      -3.27501440    
   5.73600006      -2.36370587      -3.33282518    
   5.74200010      -2.40334511      -3.38871646    
   5.74800014      -2.44160008      -3.44265604    
   5.75400019      -2.47844863      -3.49461246    
   5.76000023      -2.51386976      -3.54455638    
   5.76600027      -2.54784298      -3.59245849    
   5.77199984      -2.58034587      -3.63828754    
   5.77799988      -2.61136556      -3.68202543    
   5.78399992      -2.64088106      -3.72364211    
   5.78999996      -2.66887522      -3.76311398    
   5.79600000      -2.69533253      -3.80041885    
   5.80200005      -2.72023726      -3.83553433    
   5.80800009      -2.74357486      -3.86844039    
   5.81400013      -2.76533246      -3.89911866    
   5.82000017      -2.78549743      -3.92755127    
   5.82600021      -2.80405784      -3.95372152    
   5.83200026      -2.82100320      -3.97761440    
   5.83799982      -2.83632255      -3.99921465    
   5.84399986      -2.85000968      -4.01851368    
   5.84999990      -2.86205506      -4.03549767    
   5.85599995      -2.87245202      -4.05015707    
   5.86199999      -2.88119459      -4.06248426    
   5.86800003      -2.88827729      -4.07247066    
   5.87400007      -2.89369678      -4.08011246    
   5.88000011      -2.89744949      -4.08540392    
   5.88600016      -2.89953327      -4.08834171    
   5.89200020      -2.89994693      -4.08892488    
   5.89800024      -2.89869046      -4.08715343    
   5.90400028      -2.89576411      -4.08302736    
   5.90999985      -2.89117050      -4.07655048    
   5.91599989      -2.88491130      -4.06772470    
   5.92199993      -2.87699032      -4.05655622    
   5.92799997      -2.86741233      -4.04305124    
   5.93400002      -2.85618281      -4.02721786    
   5.94000006      -2.84330821      -4.00906467    
   5.94600010      -2.82879591      -3.98860216    
   5.95200014      -2.81265402      -3.96584201    
   5.95800018      -2.79489255      -3.94079828    
   5.96400023      -2.77552104      -3.91348457    
   5.97000027      -2.75455070      -3.88391638    
   5.97599983      -2.73199606      -3.85211444    
   5.98199987      -2.70786595      -3.81809092    
   5.98799992      -2.68217611      -3.78186822    
   5.99399996      -2.65494132      -3.74346709    
   6.00000000      -2.62617731      -3.70290995    
